S,1,1,0,1,1,1,1,1,0,2,0,0,0,0,-1,-1,-1
AH,1,100,0
AF,1,0,0,0,0,0,0,0,0,0,0,1,4,-5,1000,2000,0
AL,1,25,20,12,9,9,9,6,6,6,7,5,-6,-9,-15,-23,-14,-3,-5,-5,-5,-9,-7,100,100,100,100,100,100,100,100,100,100,100,500,500,500,500,500,500,500,500,500,500,500,1,5,-5,0,50000,6000,0,0
AMA,0,0,0,0,0,0,0,0,0,0,0,0,0,0,0,0,0,0,0,0,0,0,0,0,0,0,0,0,0,0,0,0,0,0,0,0,0,0,0,0,0,0,0,0,0,0,0,0,0,0,0,0,0
AMB,1,1,25,20,12,9,9,9,6,6,6,7,5,-6,-9,-15,-23,-14,-3,-5,-5,-5,-9,-7,100,100,100,100,100,100,100,100,100,100,100,500,500,500,500,500,500,500,500,500,500,500,1,0,0,0,50000,6000,0
AMC,2,1,25,20,12,9,9,9,6,6,6,7,5,-6,-9,-15,-23,-14,-3,-5,-5,-5,-9,-7,100,100,100,100,100,100,100,100,100,100,100,500,500,500,500,500,500,500,500,500,500,500,1,0,0,0,50000,6000,0
AMD,3,1,25,20,12,9,9,9,6,6,6,7,5,-6,-9,-15,-23,-14,-3,-5,-5,-5,-9,-7,100,100,100,100,100,100,100,100,100,100,100,500,500,500,500,500,500,500,500,500,500,500,1,0,0,0,50000,6000,0
AME,4,1,25,20,12,9,9,9,6,6,6,7,5,-6,-9,-15,-23,-14,-3,-5,-5,-5,-9,-7,100,100,100,100,100,100,100,100,100,100,100,500,500,500,500,500,500,500,500,500,500,500,1,0,0,0,50000,6000,0
AMF,5,1,25,20,12,9,9,9,6,6,6,7,5,-6,-9,-15,-23,-14,-3,-5,-5,-5,-9,-7,100,100,100,100,100,100,100,100,100,100,100,500,500,500,500,500,500,500,500,500,500,500,1,0,0,0,50000,6000,0
AMG,6,1,25,20,12,9,9,9,6,6,6,7,5,-6,-9,-15,-23,-14,-3,-5,-5,-5,-9,-7,100,100,100,100,100,100,100,100,100,100,100,500,500,500,500,500,500,500,500,500,500,500,1,0,0,0,50000,6000,0
AMH,7,1,25,20,12,9,9,9,6,6,6,7,5,-6,-9,-15,-23,-14,-3,-5,-5,-5,-9,-7,100,100,100,100,100,100,100,100,100,100,100,500,500,500,500,500,500,500,500,500,500,500,1,0,0,0,50000,6000,0
AMI,8,1,25,20,12,9,9,9,6,6,6,7,5,-6,-9,-15,-23,-14,-3,-5,-5,-5,-9,-7,100,100,100,100,100,100,100,100,100,100,100,500,500,500,500,500,500,500,500,500,500,500,1,0,0,0,50000,6000,0
AMJ,9,1,25,20,12,9,9,9,6,6,6,7,5,-6,-9,-15,-23,-14,-3,-5,-5,-5,-9,-7,100,100,100,100,100,100,100,100,100,100,100,500,500,500,500,500,500,500,500,500,500,500,1,0,0,0,50000,6000,0
AMK,10,1,25,20,12,9,9,9,6,6,6,7,5,-6,-9,-15,-23,-14,-3,-5,-5,-5,-9,-7,100,100,100,100,100,100,100,100,100,100,100,500,500,500,500,500,500,500,500,500,500,500,1,0,0,0,50000,6000,0
AML,11,1,25,20,12,9,9,9,6,6,6,7,5,-6,-9,-15,-23,-14,-3,-5,-5,-5,-9,-7,100,100,100,100,100,100,100,100,100,100,100,500,500,500,500,500,500,500,500,500,500,500,1,0,0,0,50000,6000,0
AMM,12,1,25,20,12,9,9,9,6,6,6,7,5,-6,-9,-15,-23,-14,-3,-5,-5,-5,-9,-7,100,100,100,100,100,100,100,100,100,100,100,500,500,500,500,500,500,500,500,500,500,500,1,0,0,0,50000,6000,0
AMN,13,1,25,20,12,9,9,9,6,6,6,7,5,-6,-9,-15,-23,-14,-3,-5,-5,-5,-9,-7,100,100,100,100,100,100,100,100,100,100,100,500,500,500,500,500,500,500,500,500,500,500,1,0,0,0,50000,6000,0
AMO,14,1,25,20,12,9,9,9,6,6,6,7,5,-6,-9,-15,-23,-14,-3,-5,-5,-5,-9,-7,100,100,100,100,100,100,100,100,100,100,100,500,500,500,500,500,500,500,500,500,500,500,1,0,0,0,50000,6000,0
AMP,15,1,25,20,12,9,9,9,6,6,6,7,5,-6,-9,-15,-23,-14,-3,-5,-5,-5,-9,-7,100,100,100,100,100,100,100,100,100,100,100,500,500,500,500,500,500,500,500,500,500,500,1,0,0,0,50000,6000,0
AAA,1070173568,-2091197621,1042611534,2091197621,-1039043278,-2,1069865954,-2084263535,1039927832,2084263535,-1036051962,-2,1068454438,-2047983063,1027613440,2047983063,-1022326054,-2,1066788288,-1995295612,1013077562,1995295612,-1006124026,-2,1066212827,-1974475879,1008057108,1974475879,-1000528111,-2,1063640397,-1863368320,985614633,1863368320,-975513207,-2,1056034571,-1291089357,919259640,1291089357,-901552388,-2
AAB,1016420192,-1794118622,940592231,1794118622,-883270598,-8,1012130425,-1751683549,930627745,1751683549,-869016346,-8,993950880,-1535995719,888399375,1535995719,-808608432,-8,975876191,-1240820786,846414572,1240820786,-748548939,-8,970541391,-1129544039,834022627,1129544039,-730822194,-8,952948439,-579197747,793156827,579197747,-672363442,-8,988225686,1453281034,875100605,-1453281034,-789584467,-8
AAC,1043295192,-1134940406,965054315,1134940406,-934607683,-5,1041734079,-985259572,959481497,985259572,-927473752,-5,1037561435,-228337868,944586112,228337868,-908405723,-5,1039618271,719544085,951928549,-719544085,-917804996,-5,1042192080,1032147133,961116458,-1032147133,-929566715,-5,1064881041,2051070659,1042110857,-2051070659,-1033250075,-5,1092008014,-1997253610,1138947942,1997253610,-1157214132,-5
AAD,0,0,0,0,0,0,0,0,0,0,0,0,0,0,0,0,0,0,0,0,0,0,0,0,0,0,0,0,0,0,0,0,0,0,0,0,0,0,0,0,0,0
AAE,0,0,0,0,0,0,0,0,0,0,0,0,0,0,0,0,0,0,0,0,0,0,0,0,0,0,0,0,0,0,0,0,0,0,0,0,0,0,0,0,0,0
AAF,0,0,0,0,0,0,0,0,0,0,0,0,0,0,0,0,0,0,0,0,0,0,0,0,0,0,0,0,0,0,0,0,0,0,0,0,0,0,0,0,0,0
AAG,0,0,0,0,0,0,0,0,0,0,0,0,0,0,0,0,0,0,0,0,0,0,0,0,0,0,0,0,0,0,0,0,0,0,0,0,0,0,0,0,0,0
AAH,0,0,0,0,0,0,0,0,0,0,0,0,0,0,0,0,0,0,0,0,0,0,0,0,0,0,0,0,0,0,0,0,0,0,0,0,0,0,0,0,0,0
AAM,1,1,1,0,0,0,0,0
AAU,1
ABA,1093,200,-2
ABB,3139,609,-8
ABC,7412,700,-5
ABD,150,200,-9999
ABE,5000,2000,-3
ABF,640,200,-2
ABG,700,200,-1
ABH,700,200,-1
ACA,1070173568,-2091197621,1042611534,2091197621,-1039043278,-2,1069865954,-2084263535,1039927832,2084263535,-1036051962,-2,1068454438,-2047983063,1027613440,2047983063,-1022326054,-2,1066788288,-1995295612,1013077562,1995295612,-1006124026,-2,1066212827,-1974475879,1008057108,1974475879,-1000528111,-2,1063640397,-1863368320,985614633,1863368320,-975513207,-2,1056034571,-1291089357,919259640,1291089357,-901552388,-2
ACB,1016420192,-1794118622,940592231,1794118622,-883270598,-8,1012130425,-1751683549,930627745,1751683549,-869016346,-8,993950880,-1535995719,888399375,1535995719,-808608432,-8,975876191,-1240820786,846414572,1240820786,-748548939,-8,970541391,-1129544039,834022627,1129544039,-730822194,-8,952948439,-579197747,793156827,579197747,-672363442,-8,988225686,1453281034,875100605,-1453281034,-789584467,-8
ACC,1043295192,-1134940406,965054315,1134940406,-934607683,-5,1041734079,-985259572,959481497,985259572,-927473752,-5,1037561435,-228337868,944586112,228337868,-908405723,-5,1039618271,719544085,951928549,-719544085,-917804996,-5,1042192080,1032147133,961116458,-1032147133,-929566715,-5,1064881041,2051070659,1042110857,-2051070659,-1033250075,-5,1092008014,-1997253610,1138947942,1997253610,-1157214132,-5
ACD,0,0,0,0,0,0,0,0,0,0,0,0,0,0,0,0,0,0,0,0,0,0,0,0,0,0,0,0,0,0,0,0,0,0,0,0,0,0,0,0,0,0
ACE,0,0,0,0,0,0,0,0,0,0,0,0,0,0,0,0,0,0,0,0,0,0,0,0,0,0,0,0,0,0,0,0,0,0,0,0,0,0,0,0,0,0
ACF,0,0,0,0,0,0,0,0,0,0,0,0,0,0,0,0,0,0,0,0,0,0,0,0,0,0,0,0,0,0,0,0,0,0,0,0,0,0,0,0,0,0
ACG,0,0,0,0,0,0,0,0,0,0,0,0,0,0,0,0,0,0,0,0,0,0,0,0,0,0,0,0,0,0,0,0,0,0,0,0,0,0,0,0,0,0
ACH,0,0,0,0,0,0,0,0,0,0,0,0,0,0,0,0,0,0,0,0,0,0,0,0,0,0,0,0,0,0,0,0,0,0,0,0,0,0,0,0,0,0
ACM,1,1,1,0,0,0,0,0
ACU,1
ADA,1093,200,-2
ADB,3139,609,-8
ADC,7412,700,-5
ADD,150,200,-9999
ADE,5000,2000,-3
ADF,640,200,-2
ADG,700,200,-1
ADH,700,200,-1
BH,0,100,0
BF,0,0,0,0,0,0,0,0,0,0,0,0,4,-5,1000,2000,0
BL,0,17,6,0,1,1,1,1,0,1,2,1,-10,-15,-25,-24,-21,-14,-17,-15,-13,-11,-12,100,100,100,100,100,100,100,100,100,100,100,500,500,500,500,500,500,500,500,500,500,500,0,3,-4,0,50000,6000,0,0
BMA,0,0,0,0,0,0,0,0,0,0,0,0,0,0,0,0,0,0,0,0,0,0,0,0,0,0,0,0,0,0,0,0,0,0,0,0,0,0,0,0,0,0,0,0,0,0,0,0,0,0,0,0,0
BMB,1,1,0,0,0,0,0,0,0,0,0,0,0,0,0,0,0,0,0,0,0,0,0,0,100,100,100,100,100,100,100,100,100,100,100,500,500,500,500,500,500,500,500,500,500,500,1,0,0,0,50000,6000,0
BMC,2,1,1,1,1,1,1,1,1,1,1,1,1,-2,-2,-2,-2,-2,-2,-2,-2,-2,-2,-2,100,100,100,100,100,100,100,100,100,100,100,500,500,500,500,500,500,500,500,500,500,500,1,0,0,0,50000,6000,0
BMD,3,1,4,3,1,1,1,1,1,1,2,2,2,-3,-3,-4,-4,-4,-3,-3,-3,-3,-3,-3,100,100,100,100,100,100,100,100,100,100,100,500,500,500,500,500,500,500,500,500,500,500,1,0,0,0,50000,6000,0
BME,4,1,7,4,1,1,1,1,1,2,3,3,3,-4,-4,-6,-7,-7,-4,-4,-4,-4,-4,-4,100,100,100,100,100,100,100,100,100,100,100,500,500,500,500,500,500,500,500,500,500,500,1,1,-1,0,50000,6000,-1
BMF,5,1,10,5,1,1,1,1,1,3,4,5,4,-5,-6,-9,-10,-10,-5,-6,-6,-5,-5,-5,100,100,100,100,100,100,100,100,100,100,100,500,500,500,500,500,500,500,500,500,500,500,1,1,-2,0,50000,6000,-1
BMG,6,1,13,5,2,1,1,1,1,4,5,6,5,-6,-8,-13,-13,-14,-7,-8,-8,-7,-7,-7,100,100,100,100,100,100,100,100,100,100,100,500,500,500,500,500,500,500,500,500,500,500,1,2,-3,0,50000,6000,-2
BMH,7,1,16,6,2,1,1,1,1,5,6,7,6,-7,-10,-17,-16,-16,-9,-11,-10,-9,-8,-8,100,100,100,100,100,100,100,100,100,100,100,500,500,500,500,500,500,500,500,500,500,500,1,2,-4,0,50000,6000,-2
BMI,8,1,17,7,2,1,1,1,1,6,7,8,7,-9,-12,-21,-20,-18,-11,-14,-12,-11,-9,-10,100,100,100,100,100,100,100,100,100,100,100,500,500,500,500,500,500,500,500,500,500,500,1,3,-4,0,50000,6000,-3
BMJ,9,1,19,8,3,1,1,1,1,7,8,9,8,-10,-15,-25,-24,-21,-14,-17,-15,-13,-11,-12,100,100,100,100,100,100,100,100,100,100,100,500,500,500,500,500,500,500,500,500,500,500,1,3,-4,0,50000,6000,-3
BMK,10,1,19,8,3,1,1,1,1,6,7,8,7,-10,-15,-25,-24,-21,-14,-17,-15,-13,-11,-12,100,100,100,100,100,100,100,100,100,100,100,500,500,500,500,500,500,500,500,500,500,500,1,3,-4,0,50000,6000,-2
BML,11,1,19,8,3,1,1,1,1,5,6,7,6,-10,-15,-25,-24,-21,-14,-17,-15,-13,-11,-12,100,100,100,100,100,100,100,100,100,100,100,500,500,500,500,500,500,500,500,500,500,500,1,3,-4,0,50000,6000,-2
BMM,12,1,18,7,2,1,1,1,1,4,5,6,5,-10,-15,-25,-24,-21,-14,-17,-15,-13,-11,-12,100,100,100,100,100,100,100,100,100,100,100,500,500,500,500,500,500,500,500,500,500,500,1,3,-4,0,50000,6000,-1
BMN,13,1,18,7,2,1,1,1,1,3,4,5,4,-10,-15,-25,-24,-21,-14,-17,-15,-13,-11,-12,100,100,100,100,100,100,100,100,100,100,100,500,500,500,500,500,500,500,500,500,500,500,1,3,-4,0,50000,6000,-1
BMO,14,1,18,7,2,1,1,1,1,2,3,4,3,-10,-15,-25,-24,-21,-14,-17,-15,-13,-11,-12,100,100,100,100,100,100,100,100,100,100,100,500,500,500,500,500,500,500,500,500,500,500,1,3,-4,0,50000,6000,0
BMP,15,1,17,6,0,1,1,1,1,0,1,2,1,-10,-15,-25,-24,-21,-14,-17,-15,-13,-11,-12,100,100,100,100,100,100,100,100,100,100,100,500,500,500,500,500,500,500,500,500,500,500,1,3,-4,0,50000,6000,0
BAA,0,0,0,0,0,0,0,0,0,0,0,0,0,0,0,0,0,0,0,0,0,0,0,0,0,0,0,0,0,0,0,0,0,0,0,0,0,0,0,0,0,0
BAB,0,0,0,0,0,0,0,0,0,0,0,0,0,0,0,0,0,0,0,0,0,0,0,0,0,0,0,0,0,0,0,0,0,0,0,0,0,0,0,0,0,0
BAC,0,0,0,0,0,0,0,0,0,0,0,0,0,0,0,0,0,0,0,0,0,0,0,0,0,0,0,0,0,0,0,0,0,0,0,0,0,0,0,0,0,0
BAD,0,0,0,0,0,0,0,0,0,0,0,0,0,0,0,0,0,0,0,0,0,0,0,0,0,0,0,0,0,0,0,0,0,0,0,0,0,0,0,0,0,0
BAE,0,0,0,0,0,0,0,0,0,0,0,0,0,0,0,0,0,0,0,0,0,0,0,0,0,0,0,0,0,0,0,0,0,0,0,0,0,0,0,0,0,0
BAF,0,0,0,0,0,0,0,0,0,0,0,0,0,0,0,0,0,0,0,0,0,0,0,0,0,0,0,0,0,0,0,0,0,0,0,0,0,0,0,0,0,0
BAG,0,0,0,0,0,0,0,0,0,0,0,0,0,0,0,0,0,0,0,0,0,0,0,0,0,0,0,0,0,0,0,0,0,0,0,0,0,0,0,0,0,0
BAH,0,0,0,0,0,0,0,0,0,0,0,0,0,0,0,0,0,0,0,0,0,0,0,0,0,0,0,0,0,0,0,0,0,0,0,0,0,0,0,0,0,0
BAM,0,0,0,0,0,0,0,0
BAU,0
BBA,3300,600,-16
BBB,7900,1000,-14
BBC,12000,200,-99
BBD,800,300,-6
BBE,150,200,-9999
BBF,700,200,-1
BBG,700,200,-1
BBH,700,200,-1
BCA,0,0,0,0,0,0,0,0,0,0,0,0,0,0,0,0,0,0,0,0,0,0,0,0,0,0,0,0,0,0,0,0,0,0,0,0,0,0,0,0,0,0
BCB,0,0,0,0,0,0,0,0,0,0,0,0,0,0,0,0,0,0,0,0,0,0,0,0,0,0,0,0,0,0,0,0,0,0,0,0,0,0,0,0,0,0
BCC,0,0,0,0,0,0,0,0,0,0,0,0,0,0,0,0,0,0,0,0,0,0,0,0,0,0,0,0,0,0,0,0,0,0,0,0,0,0,0,0,0,0
BCD,0,0,0,0,0,0,0,0,0,0,0,0,0,0,0,0,0,0,0,0,0,0,0,0,0,0,0,0,0,0,0,0,0,0,0,0,0,0,0,0,0,0
BCE,0,0,0,0,0,0,0,0,0,0,0,0,0,0,0,0,0,0,0,0,0,0,0,0,0,0,0,0,0,0,0,0,0,0,0,0,0,0,0,0,0,0
BCF,0,0,0,0,0,0,0,0,0,0,0,0,0,0,0,0,0,0,0,0,0,0,0,0,0,0,0,0,0,0,0,0,0,0,0,0,0,0,0,0,0,0
BCG,0,0,0,0,0,0,0,0,0,0,0,0,0,0,0,0,0,0,0,0,0,0,0,0,0,0,0,0,0,0,0,0,0,0,0,0,0,0,0,0,0,0
BCH,0,0,0,0,0,0,0,0,0,0,0,0,0,0,0,0,0,0,0,0,0,0,0,0,0,0,0,0,0,0,0,0,0,0,0,0,0,0,0,0,0,0
BCM,0,0,0,0,0,0,0,0
BCU,0
BDA,3300,600,-16
BDB,7900,1000,-14
BDC,12000,200,-99
BDD,800,300,-6
BDE,150,200,-9999
BDF,700,200,-1
BDG,700,200,-1
BDH,700,200,-1
CH,0,200,0
CF,0,0,0,0,0,0,0,0,0,0,0,0,4,-5,1000,2000,0
CL,0,5,16,15,12,13,12,8,12,12,10,6,-5,-5,-10,-17,-15,-8,-8,-8,-5,-5,-5,100,100,100,100,100,100,100,100,100,100,100,500,500,500,500,500,500,500,500,500,500,500,0,0,0,0,50000,6000,0,0
CMA,0,0,0,0,0,0,0,0,0,0,0,0,0,0,0,0,0,0,0,0,0,0,0,0,0,0,0,0,0,0,0,0,0,0,0,0,0,0,0,0,0,0,0,0,0,0,0,0,0,0,0,0,0
CMB,1,1,1,1,1,1,1,1,1,1,1,1,1,-1,-1,-1,-1,-1,-1,-1,-1,-1,-1,-1,100,100,100,100,100,100,100,100,100,100,100,500,500,500,500,500,500,500,500,500,500,500,1,0,0,0,50000,6000,0
CMC,2,1,2,3,2,1,1,1,1,2,2,2,2,-2,-2,-2,-3,-3,-2,-2,-2,-2,-2,-2,100,100,100,100,100,100,100,100,100,100,100,500,500,500,500,500,500,500,500,500,500,500,1,0,0,0,50000,6000,0
CMD,3,1,3,3,2,2,2,1,2,4,4,4,4,-3,-3,-3,-6,-6,-3,-3,-3,-3,-3,-3,100,100,100,100,100,100,100,100,100,100,100,500,500,500,500,500,500,500,500,500,500,500,1,0,0,0,50000,6000,0
CME,4,1,3,6,4,2,2,1,2,5,6,6,6,-4,-4,-3,-8,-8,-4,-4,-4,-4,-4,-4,100,100,100,100,100,100,100,100,100,100,100,500,500,500,500,500,500,500,500,500,500,500,1,0,0,0,50000,6000,0
CMF,5,1,4,9,6,2,2,2,3,6,8,8,8,-4,-4,-4,-10,-10,-5,-6,-5,-5,-5,-5,100,100,100,100,100,100,100,100,100,100,100,500,500,500,500,500,500,500,500,500,500,500,1,0,0,0,50000,6000,0
CMG,6,1,4,13,7,2,3,2,3,7,9,9,8,-4,-4,-5,-13,-12,-5,-7,-5,-5,-5,-5,100,100,100,100,100,100,100,100,100,100,100,500,500,500,500,500,500,500,500,500,500,500,1,0,0,0,50000,6000,0
CMH,7,1,5,17,10,2,3,3,4,8,11,10,9,-4,-4,-6,-15,-14,-6,-8,-7,-5,-5,-5,100,100,100,100,100,100,100,100,100,100,100,500,500,500,500,500,500,500,500,500,500,500,1,0,0,0,50000,6000,0
CMI,8,1,6,20,10,2,3,3,4,9,13,13,10,-4,-4,-7,-17,-16,-8,-11,-8,-6,-5,-5,100,100,100,100,100,100,100,100,100,100,100,500,500,500,500,500,500,500,500,500,500,500,1,0,0,0,50000,6000,0
CMJ,9,1,7,23,11,2,3,5,5,12,16,15,11,-4,-4,-8,-19,-17,-8,-13,-11,-8,-7,-7,100,100,100,100,100,100,100,100,100,100,100,500,500,500,500,500,500,500,500,500,500,500,1,0,0,0,50000,6000,0
CMK,10,1,7,23,12,2,4,6,5,12,16,15,11,-4,-4,-8,-19,-17,-8,-13,-11,-8,-7,-7,100,100,100,100,100,100,100,100,100,100,100,500,500,500,500,500,500,500,500,500,500,500,1,0,0,0,50000,6000,0
CML,11,1,7,23,13,3,5,7,5,12,16,15,11,-4,-4,-8,-19,-17,-8,-13,-11,-8,-7,-7,100,100,100,100,100,100,100,100,100,100,100,500,500,500,500,500,500,500,500,500,500,500,1,0,0,0,50000,6000,0
CMM,12,1,6,23,14,4,6,8,5,12,16,15,11,-4,-4,-8,-19,-17,-8,-13,-11,-8,-7,-7,100,100,100,100,100,100,100,100,100,100,100,500,500,500,500,500,500,500,500,500,500,500,1,0,0,0,50000,6000,0
CMN,13,1,5,23,14,5,7,9,5,12,16,15,11,-4,-4,-8,-19,-17,-8,-13,-11,-8,-7,-7,100,100,100,100,100,100,100,100,100,100,100,500,500,500,500,500,500,500,500,500,500,500,1,0,0,0,50000,6000,0
CMO,14,1,3,23,15,6,8,10,5,10,13,13,9,-4,-4,-8,-19,-17,-8,-13,-11,-8,-7,-7,100,100,100,100,100,100,100,100,100,100,100,500,500,500,500,500,500,500,500,500,500,500,1,0,0,0,50000,6000,0
CMP,15,1,-1,13,13,5,9,12,5,7,10,6,-1,-4,-10,-10,-20,-19,-8,-13,-11,-8,-7,-7,100,100,100,100,100,100,100,100,100,100,100,500,500,500,500,500,500,500,500,500,500,500,1,0,0,0,50000,6000,0
CAA,0,0,0,0,0,0,0,0,0,0,0,0,0,0,0,0,0,0,0,0,0,0,0,0,0,0,0,0,0,0,0,0,0,0,0,0,0,0,0,0,0,0
CAB,0,0,0,0,0,0,0,0,0,0,0,0,0,0,0,0,0,0,0,0,0,0,0,0,0,0,0,0,0,0,0,0,0,0,0,0,0,0,0,0,0,0
CAC,0,0,0,0,0,0,0,0,0,0,0,0,0,0,0,0,0,0,0,0,0,0,0,0,0,0,0,0,0,0,0,0,0,0,0,0,0,0,0,0,0,0
CAD,0,0,0,0,0,0,0,0,0,0,0,0,0,0,0,0,0,0,0,0,0,0,0,0,0,0,0,0,0,0,0,0,0,0,0,0,0,0,0,0,0,0
CAE,0,0,0,0,0,0,0,0,0,0,0,0,0,0,0,0,0,0,0,0,0,0,0,0,0,0,0,0,0,0,0,0,0,0,0,0,0,0,0,0,0,0
CAF,0,0,0,0,0,0,0,0,0,0,0,0,0,0,0,0,0,0,0,0,0,0,0,0,0,0,0,0,0,0,0,0,0,0,0,0,0,0,0,0,0,0
CAG,0,0,0,0,0,0,0,0,0,0,0,0,0,0,0,0,0,0,0,0,0,0,0,0,0,0,0,0,0,0,0,0,0,0,0,0,0,0,0,0,0,0
CAH,0,0,0,0,0,0,0,0,0,0,0,0,0,0,0,0,0,0,0,0,0,0,0,0,0,0,0,0,0,0,0,0,0,0,0,0,0,0,0,0,0,0
CAM,0,0,0,0,0,0,0,0
CAU,0
CBA,700,200,-1
CBB,700,200,-1
CBC,700,200,-1
CBD,700,200,-1
CBE,700,200,-1
CBF,700,200,-1
CBG,700,200,-1
CBH,700,200,-1
CCA,0,0,0,0,0,0,0,0,0,0,0,0,0,0,0,0,0,0,0,0,0,0,0,0,0,0,0,0,0,0,0,0,0,0,0,0,0,0,0,0,0,0
CCB,0,0,0,0,0,0,0,0,0,0,0,0,0,0,0,0,0,0,0,0,0,0,0,0,0,0,0,0,0,0,0,0,0,0,0,0,0,0,0,0,0,0
CCC,0,0,0,0,0,0,0,0,0,0,0,0,0,0,0,0,0,0,0,0,0,0,0,0,0,0,0,0,0,0,0,0,0,0,0,0,0,0,0,0,0,0
CCD,0,0,0,0,0,0,0,0,0,0,0,0,0,0,0,0,0,0,0,0,0,0,0,0,0,0,0,0,0,0,0,0,0,0,0,0,0,0,0,0,0,0
CCE,0,0,0,0,0,0,0,0,0,0,0,0,0,0,0,0,0,0,0,0,0,0,0,0,0,0,0,0,0,0,0,0,0,0,0,0,0,0,0,0,0,0
CCF,0,0,0,0,0,0,0,0,0,0,0,0,0,0,0,0,0,0,0,0,0,0,0,0,0,0,0,0,0,0,0,0,0,0,0,0,0,0,0,0,0,0
CCG,0,0,0,0,0,0,0,0,0,0,0,0,0,0,0,0,0,0,0,0,0,0,0,0,0,0,0,0,0,0,0,0,0,0,0,0,0,0,0,0,0,0
CCH,0,0,0,0,0,0,0,0,0,0,0,0,0,0,0,0,0,0,0,0,0,0,0,0,0,0,0,0,0,0,0,0,0,0,0,0,0,0,0,0,0,0
CCM,0,0,0,0,0,0,0,0
CCU,0
CDA,700,200,-1
CDB,700,200,-1
CDC,700,200,-1
CDD,700,200,-1
CDE,700,200,-1
CDF,700,200,-1
CDG,700,200,-1
CDH,700,200,-1
DH,0,200,0
DF,0,0,0,0,0,0,0,0,0,0,0,0,4,-5,1000,2000,0
DL,0,5,16,15,12,13,12,8,12,12,10,6,-5,-5,-10,-17,-15,-8,-8,-8,-5,-5,-5,100,100,100,100,100,100,100,100,100,100,100,500,500,500,500,500,500,500,500,500,500,500,0,0,0,0,50000,6000,0,0
DMA,0,0,0,0,0,0,0,0,0,0,0,0,0,0,0,0,0,0,0,0,0,0,0,0,0,0,0,0,0,0,0,0,0,0,0,0,0,0,0,0,0,0,0,0,0,0,0,0,0,0,0,0,0
DMB,1,1,1,1,1,1,1,1,1,1,1,1,1,-1,-1,-1,-1,-1,-1,-1,-1,-1,-1,-1,100,100,100,100,100,100,100,100,100,100,100,500,500,500,500,500,500,500,500,500,500,500,1,0,0,0,50000,6000,0
DMC,2,1,2,3,2,1,1,1,1,2,2,2,2,-2,-2,-2,-3,-3,-2,-2,-2,-2,-2,-2,100,100,100,100,100,100,100,100,100,100,100,500,500,500,500,500,500,500,500,500,500,500,1,0,0,0,50000,6000,0
DMD,3,1,3,3,2,2,2,1,2,4,4,4,4,-3,-3,-3,-6,-6,-3,-3,-3,-3,-3,-3,100,100,100,100,100,100,100,100,100,100,100,500,500,500,500,500,500,500,500,500,500,500,1,0,0,0,50000,6000,0
DME,4,1,3,6,4,2,2,1,2,5,6,6,6,-4,-4,-3,-8,-8,-4,-4,-4,-4,-4,-4,100,100,100,100,100,100,100,100,100,100,100,500,500,500,500,500,500,500,500,500,500,500,1,0,0,0,50000,6000,0
DMF,5,1,4,9,6,2,2,2,3,6,8,8,8,-4,-4,-4,-10,-10,-5,-6,-5,-5,-5,-5,100,100,100,100,100,100,100,100,100,100,100,500,500,500,500,500,500,500,500,500,500,500,1,0,0,0,50000,6000,0
DMG,6,1,4,13,7,2,3,2,3,7,9,9,8,-4,-4,-5,-13,-12,-5,-7,-5,-5,-5,-5,100,100,100,100,100,100,100,100,100,100,100,500,500,500,500,500,500,500,500,500,500,500,1,0,0,0,50000,6000,0
DMH,7,1,5,17,10,2,3,3,4,8,11,10,9,-4,-4,-6,-15,-14,-6,-8,-7,-5,-5,-5,100,100,100,100,100,100,100,100,100,100,100,500,500,500,500,500,500,500,500,500,500,500,1,0,0,0,50000,6000,0
DMI,8,1,6,20,10,2,3,3,4,9,13,13,10,-4,-4,-7,-17,-16,-8,-11,-8,-6,-5,-5,100,100,100,100,100,100,100,100,100,100,100,500,500,500,500,500,500,500,500,500,500,500,1,0,0,0,50000,6000,0
DMJ,9,1,7,23,11,2,3,5,5,12,16,15,11,-4,-4,-8,-19,-17,-8,-13,-11,-8,-7,-7,100,100,100,100,100,100,100,100,100,100,100,500,500,500,500,500,500,500,500,500,500,500,1,0,0,0,50000,6000,0
DMK,10,1,7,23,12,2,4,6,5,12,16,15,11,-4,-4,-8,-19,-17,-8,-13,-11,-8,-7,-7,100,100,100,100,100,100,100,100,100,100,100,500,500,500,500,500,500,500,500,500,500,500,1,0,0,0,50000,6000,0
DML,11,1,7,23,13,3,5,7,5,12,16,15,11,-4,-4,-8,-19,-17,-8,-13,-11,-8,-7,-7,100,100,100,100,100,100,100,100,100,100,100,500,500,500,500,500,500,500,500,500,500,500,1,0,0,0,50000,6000,0
DMM,12,1,6,23,14,4,6,8,5,12,16,15,11,-4,-4,-8,-19,-17,-8,-13,-11,-8,-7,-7,100,100,100,100,100,100,100,100,100,100,100,500,500,500,500,500,500,500,500,500,500,500,1,0,0,0,50000,6000,0
DMN,13,1,5,23,14,5,7,9,5,12,16,15,11,-4,-4,-8,-19,-17,-8,-13,-11,-8,-7,-7,100,100,100,100,100,100,100,100,100,100,100,500,500,500,500,500,500,500,500,500,500,500,1,0,0,0,50000,6000,0
DMO,14,1,3,23,15,6,8,10,5,10,13,13,9,-4,-4,-8,-19,-17,-8,-13,-11,-8,-7,-7,100,100,100,100,100,100,100,100,100,100,100,500,500,500,500,500,500,500,500,500,500,500,1,0,0,0,50000,6000,0
DMP,15,1,-1,18,17,8,11,12,5,7,10,10,6,-4,-4,-8,-19,-19,-8,-13,-11,-8,-7,-7,100,100,100,100,100,100,100,100,100,100,100,500,500,500,500,500,500,500,500,500,500,500,1,0,0,0,50000,6000,0
DAA,0,0,0,0,0,0,0,0,0,0,0,0,0,0,0,0,0,0,0,0,0,0,0,0,0,0,0,0,0,0,0,0,0,0,0,0,0,0,0,0,0,0
DAB,0,0,0,0,0,0,0,0,0,0,0,0,0,0,0,0,0,0,0,0,0,0,0,0,0,0,0,0,0,0,0,0,0,0,0,0,0,0,0,0,0,0
DAC,0,0,0,0,0,0,0,0,0,0,0,0,0,0,0,0,0,0,0,0,0,0,0,0,0,0,0,0,0,0,0,0,0,0,0,0,0,0,0,0,0,0
DAD,0,0,0,0,0,0,0,0,0,0,0,0,0,0,0,0,0,0,0,0,0,0,0,0,0,0,0,0,0,0,0,0,0,0,0,0,0,0,0,0,0,0
DAE,0,0,0,0,0,0,0,0,0,0,0,0,0,0,0,0,0,0,0,0,0,0,0,0,0,0,0,0,0,0,0,0,0,0,0,0,0,0,0,0,0,0
DAF,0,0,0,0,0,0,0,0,0,0,0,0,0,0,0,0,0,0,0,0,0,0,0,0,0,0,0,0,0,0,0,0,0,0,0,0,0,0,0,0,0,0
DAG,0,0,0,0,0,0,0,0,0,0,0,0,0,0,0,0,0,0,0,0,0,0,0,0,0,0,0,0,0,0,0,0,0,0,0,0,0,0,0,0,0,0
DAH,0,0,0,0,0,0,0,0,0,0,0,0,0,0,0,0,0,0,0,0,0,0,0,0,0,0,0,0,0,0,0,0,0,0,0,0,0,0,0,0,0,0
DAM,0,0,0,0,0,0,0,0
DAU,0
DBA,2700,800,-6
DBB,6800,800,-3
DBC,700,200,-1
DBD,700,200,-1
DBE,700,200,-1
DBF,700,200,-1
DBG,700,200,-1
DBH,700,200,-1
DCA,0,0,0,0,0,0,0,0,0,0,0,0,0,0,0,0,0,0,0,0,0,0,0,0,0,0,0,0,0,0,0,0,0,0,0,0,0,0,0,0,0,0
DCB,0,0,0,0,0,0,0,0,0,0,0,0,0,0,0,0,0,0,0,0,0,0,0,0,0,0,0,0,0,0,0,0,0,0,0,0,0,0,0,0,0,0
DCC,0,0,0,0,0,0,0,0,0,0,0,0,0,0,0,0,0,0,0,0,0,0,0,0,0,0,0,0,0,0,0,0,0,0,0,0,0,0,0,0,0,0
DCD,0,0,0,0,0,0,0,0,0,0,0,0,0,0,0,0,0,0,0,0,0,0,0,0,0,0,0,0,0,0,0,0,0,0,0,0,0,0,0,0,0,0
DCE,0,0,0,0,0,0,0,0,0,0,0,0,0,0,0,0,0,0,0,0,0,0,0,0,0,0,0,0,0,0,0,0,0,0,0,0,0,0,0,0,0,0
DCF,0,0,0,0,0,0,0,0,0,0,0,0,0,0,0,0,0,0,0,0,0,0,0,0,0,0,0,0,0,0,0,0,0,0,0,0,0,0,0,0,0,0
DCG,0,0,0,0,0,0,0,0,0,0,0,0,0,0,0,0,0,0,0,0,0,0,0,0,0,0,0,0,0,0,0,0,0,0,0,0,0,0,0,0,0,0
DCH,0,0,0,0,0,0,0,0,0,0,0,0,0,0,0,0,0,0,0,0,0,0,0,0,0,0,0,0,0,0,0,0,0,0,0,0,0,0,0,0,0,0
DCM,0,0,0,0,0,0,0,0
DCU,0
DDA,700,200,-1
DDB,700,200,-1
DDC,700,200,-1
DDD,700,200,-1
DDE,700,200,-1
DDF,700,200,-1
DDG,700,200,-1
DDH,700,200,-1
